Timestamp: 29-05-2024_17-06-56
Latitude: -14.301346
Longitude: -42.6904983
Altitude: 545.28m
