Timestamp: 29-05-2024_17-02-30
Latitude: -14.3013524
Longitude: -42.6905001
Altitude: 551.06m
