Timestamp: 29-05-2024_16-56-29
Latitude: -14.3013511
Longitude: -42.6905135
Altitude: 547.62m
