Timestamp: 29-05-2024_16-56-14
Latitude: -14.3013513
Longitude: -42.690513
Altitude: 547.52m
