Timestamp: 29-05-2024_12-00-34
Latitude: -14.3030388
Longitude: -42.0000007
Altitude: 71619.54m
