Timestamp: 29-05-2024_17-06-53
Latitude: -14.301346
Longitude: -42.6904984
Altitude: 545.8m
