Timestamp: 29-05-2024_17-08-22
Latitude: -14.3013393
Longitude: -42.6905036
Altitude: 553.36m
