Timestamp: 29-05-2024_12-00-21
Latitude: -14.3030384
Longitude: -42.0000008
Altitude: 71619.53m
