Timestamp: 29-05-2024_11-59-47
Latitude: -14.3030386
Longitude: -42.0000007
Altitude: 71619.49m
