Timestamp: 29-05-2024_17-06-58
Latitude: -14.3013459
Longitude: -42.6904984
Altitude: 544.77m
