Timestamp: 29-05-2024_17-06-38
Latitude: -14.301346
Longitude: -42.6904987
Altitude: 550.42m
