Timestamp: 29-05-2024_17-06-40
Latitude: -14.3013458
Longitude: -42.6904991
Altitude: 550.23m
