Timestamp: 29-05-2024_17-06-36
Latitude: -14.3013465
Longitude: -42.6904985
Altitude: 550.58m
