Timestamp: 29-05-2024_16-49-53
Latitude: -14.3013548
Longitude: -42.690509
Altitude: 547.34m
