Timestamp: 29-05-2024_11-59-53
Latitude: -14.3030386
Longitude: -42.0000007
Altitude: 71619.51m
