Timestamp: 29-05-2024_17-00-13
Latitude: -14.301346
Longitude: -42.6905028
Altitude: 550.56m
