Timestamp: 29-05-2024_17-08-37
Latitude: -14.3013399
Longitude: -42.6905032
Altitude: 553.4m
