Timestamp: 29-05-2024_16-56-25
Latitude: -14.3013513
Longitude: -42.6905127
Altitude: 547.44m
