Timestamp: 29-05-2024_17-08-31
Latitude: -14.3013394
Longitude: -42.6905039
Altitude: 553.37m
