Timestamp: 29-05-2024_17-06-47
Latitude: -14.3013457
Longitude: -42.6904993
Altitude: 550.16m
