Timestamp: 29-05-2024_16-49-40
Latitude: -14.3013551
Longitude: -42.6905089
Altitude: 547.32m
