Timestamp: 29-05-2024_17-08-24
Latitude: -14.3013393
Longitude: -42.6905038
Altitude: 553.37m
