Timestamp: 29-05-2024_11-59-29
Latitude: -14.3030386
Longitude: -42.0000007
Altitude: 71619.43m
