Timestamp: 29-05-2024_12-00-14
Latitude: -14.3030385
Longitude: -42.0000007
Altitude: 71619.53m
