Timestamp: 29-05-2024_17-08-40
Latitude: -14.3013399
Longitude: -42.6905033
Altitude: 553.43m
