Timestamp: 29-05-2024_17-00-21
Latitude: -14.301346
Longitude: -42.6905026
Altitude: 550.56m
