Timestamp: 29-05-2024_16-49-37
Latitude: -14.3013553
Longitude: -42.690509
Altitude: 547.32m
