Timestamp: 29-05-2024_17-00-12
Latitude: -14.3013459
Longitude: -42.690503
Altitude: 550.56m
