Timestamp: 29-05-2024_16-49-51
Latitude: -14.3013549
Longitude: -42.6905089
Altitude: 547.34m
