Timestamp: 29-05-2024_16-56-17
Latitude: -14.3013513
Longitude: -42.6905129
Altitude: 547.45m
