Timestamp: 29-05-2024_17-00-28
Latitude: -14.3013458
Longitude: -42.6905027
Altitude: 550.78m
