Timestamp: 29-05-2024_17-02-28
Latitude: -14.3013525
Longitude: -42.6905002
Altitude: 551.61m
