Timestamp: 29-05-2024_17-02-26
Latitude: -14.3013517
Longitude: -42.6905005
Altitude: 556.2m
