Timestamp: 2024-05-30_17-32-41
Latitude: -14.3013441
Longitude: -42.6905143
Altitude: 2.967m
