Timestamp: 2024-05-30_12-16-48
Latitude: -14.301346
Longitude: -42.6905135
Altitude: 3.909m
