Timestamp: 2024-05-30_12-02-48
Latitude: -14.3013472
Longitude: -42.6905126
Altitude: 15.006m
