Timestamp: 2024-05-30_15-45-11
Latitude: -14.3013687
Longitude: -42.6905109
Altitude: 9.071m
