Timestamp: 2024-05-30_11-56-09
Latitude: -14.301334
Longitude: -42.6905136
Altitude: 6.368m
