Timestamp: 2024-05-30_12-45-49
Latitude: -14.3013488
Longitude: -42.6905177
Altitude: 3.548m
