Timestamp: 2024-05-30_16-02-44
Latitude: -14.3014236
Longitude: -42.6886502
Altitude: 9.651m
