Timestamp: 2024-05-30_16-28-14
Latitude: -14.3013539
Longitude: -42.6905038
Altitude: 12.258m
