Timestamp: 2024-05-30_14-54-00
Latitude: -14.3013546
Longitude: -42.6905193
Altitude: 7.965m
