Timestamp: 2024-05-30_15-47-47
Latitude: -14.3013659
Longitude: -42.6904957
Altitude: 8.73m
