Timestamp: 2024-05-30_17-33-37
Latitude: -14.3013419
Longitude: -42.6905113
Altitude: 7.295m
