Timestamp: 2024-05-30_12-10-42
Latitude: -14.3013484
Longitude: -42.6905075
Altitude: 4.005m
