Timestamp: 2024-05-30_17-14-15
Latitude: -14.3013545
Longitude: -42.6905145
Altitude: 13.632m
