Timestamp: 2024-05-30_16-04-39
Latitude: -14.3014303
Longitude: -42.6886471
Altitude: 0.187m
