Timestamp: 2024-05-30_12-16-54
Latitude: -14.3013447
Longitude: -42.6905131
Altitude: 4.279m
