Timestamp: 2024-05-30_11-41-18
Latitude: -14.3013378
Longitude: -42.6905082
Altitude: 7.256m
