Timestamp: 2024-05-30_12-48-18
Latitude: -14.301878
Longitude: -42.6900362
Altitude: 124.026m
