Timestamp: 2024-05-30_12-13-04
Latitude: -14.3013427
Longitude: -42.690507
Altitude: 6.902m
