Timestamp: 2024-05-30_16-27-35
Latitude: -14.3013542
Longitude: -42.6905047
Altitude: 9.816m
