Timestamp: 2024-05-30_17-34-35
Latitude: -14.3013422
Longitude: -42.6905109
Altitude: 10.355m
