Timestamp: 2024-05-30_14-47-55
Latitude: -14.3013557
Longitude: -42.6905197
Altitude: 8.285m
