Timestamp: 2024-05-30_17-35-31
Latitude: -14.3013421
Longitude: -42.6905113
Altitude: 13.335m
