Timestamp: 2024-05-30_17-11-33
Latitude: -14.3013545
Longitude: -42.6905148
Altitude: 7.675m
