Timestamp: 2024-05-30_16-16-30
Latitude: -14.3013628
Longitude: -42.6905053
Altitude: 9.075m
