Timestamp: 2024-05-30_12-46-29
Latitude: -14.3013341
Longitude: -42.6905139
Altitude: 11.356m
