Timestamp: 2024-05-30_12-10-39
Latitude: -14.3013471
Longitude: -42.6905061
Altitude: 5.144m
