Timestamp: 2024-05-30_17-11-30
Latitude: -14.3013539
Longitude: -42.6905141
Altitude: 7.721m
