Timestamp: 2024-05-30_12-45-52
Latitude: -14.3013491
Longitude: -42.6905177
Altitude: 3.68m
