Timestamp: 2024-05-30_11-56-15
Latitude: -14.3013331
Longitude: -42.6905133
Altitude: 1.795m
