Timestamp: 2024-05-30_12-16-51
Latitude: -14.3013459
Longitude: -42.6905133
Altitude: 3.958m
