Timestamp: 2024-05-30_11-59-21
Latitude: -14.3013418
Longitude: -42.6904998
Altitude: 12.041m
