Timestamp: 2024-05-30_16-18-50
Latitude: -14.3013641
Longitude: -42.690503
Altitude: 9.022m
