Timestamp: 2024-05-30_12-02-44
Latitude: -14.301347
Longitude: -42.6905126
Altitude: 14.996m
