Timestamp: 2024-05-30_17-13-11
Latitude: -14.3013541
Longitude: -42.6905151
Altitude: 10.647m
