Timestamp: 2024-05-30_16-24-52
Latitude: -14.3013589
Longitude: -42.6905029
Altitude: 9.091m
