Timestamp: 2024-05-30_11-59-27
Latitude: -14.3013419
Longitude: -42.6905015
Altitude: 12.117m
