Timestamp: 2024-05-30_12-47-33
Latitude: -14.2997189
Longitude: -42.6906652
Altitude: 134.886m
