Timestamp: 2024-05-30_17-11-36
Latitude: -14.3013547
Longitude: -42.6905144
Altitude: 7.74m
