Timestamp: 2024-05-30_16-16-27
Latitude: -14.301363
Longitude: -42.6905055
Altitude: 9.095m
