Timestamp: 2024-05-30_17-36-22
Latitude: -14.3013416
Longitude: -42.6905107
Altitude: 16.262m
