Timestamp: 2024-05-30_15-49-03
Latitude: -14.3013681
Longitude: -42.69051
Altitude: 12.097m
