Timestamp: 2024-05-30_17-13-18
Latitude: -14.3013546
Longitude: -42.6905148
Altitude: 10.601m
