Timestamp: 2024-05-30_17-33-34
Latitude: -14.3013416
Longitude: -42.6905106
Altitude: 7.339m
