Timestamp: 2024-05-30_17-34-06
Latitude: -14.3013423
Longitude: -42.6905106
Altitude: 7.324m
