Timestamp: 2024-05-30_16-27-56
Latitude: -14.3013541
Longitude: -42.6905045
Altitude: 9.952m
