Timestamp: 2024-05-30_16-16-12
Latitude: -14.3013629
Longitude: -42.6905049
Altitude: 9.178m
