Timestamp: 2024-05-30_17-13-45
Latitude: -14.3013546
Longitude: -42.6905144
Altitude: 10.612m
