Timestamp: 2024-05-30_12-48-04
Latitude: -14.3018833
Longitude: -42.6900342
Altitude: 131.105m
