Timestamp: 2024-05-30_12-49-33
Latitude: -14.3014878
Longitude: -42.6904918
Altitude: 9.736m
