Timestamp: 2024-05-30_11-59-44
Latitude: -14.3013426
Longitude: -42.6905003
Altitude: 12.064m
