Timestamp: 2024-05-30_11-41-43
Latitude: -14.3013367
Longitude: -42.6905093
Altitude: 7.844m
