Timestamp: 2024-05-30_17-11-54
Latitude: -14.3013543
Longitude: -42.6905144
Altitude: 7.727m
