Timestamp: 2024-05-30_16-28-03
Latitude: -14.3013547
Longitude: -42.6905048
Altitude: 9.987m
