Timestamp: 2024-05-30_11-59-52
Latitude: -14.3013425
Longitude: -42.6904999
Altitude: 12.132m
