Timestamp: 2024-05-30_11-36-16
Latitude: -14.3013436
Longitude: -42.6905059
Altitude: 3.778m
