Timestamp: 2024-05-30_12-03-10
Latitude: -14.3013471
Longitude: -42.6905122
Altitude: 15.001m
