Timestamp: 2024-05-30_12-13-33
Latitude: -14.3013429
Longitude: -42.6905078
Altitude: 7.705m
