Timestamp: 2024-05-30_17-13-41
Latitude: -14.3013538
Longitude: -42.6905144
Altitude: 10.549m
