Timestamp: 2024-05-30_17-13-36
Latitude: -14.301354
Longitude: -42.6905149
Altitude: 10.614m
