Timestamp: 2024-05-30_11-36-12
Latitude: -14.3013432
Longitude: -42.6905054
Altitude: 3.668m
