Timestamp: 2024-05-30_11-41-39
Latitude: -14.3013386
Longitude: -42.6905093
Altitude: 7.801m
