Timestamp: 2024-05-30_12-48-57
Latitude: -14.3018096
Longitude: -42.6902955
Altitude: 57.644m
