Timestamp: 2024-05-30_11-56-54
Latitude: -14.3013346
Longitude: -42.6905071
Altitude: 0m
