Timestamp: 2024-05-30_12-48-54
Latitude: -14.3018025
Longitude: -42.6902463
Altitude: 60.209m
