Timestamp: 2024-05-30_12-13-29
Latitude: -14.3013424
Longitude: -42.6905077
Altitude: 7.764m
