Timestamp: 2024-05-30_17-34-58
Latitude: -14.3013417
Longitude: -42.6905111
Altitude: 10.279m
