Timestamp: 2024-05-30_12-46-17
Latitude: -14.3013501
Longitude: -42.6905167
Altitude: 4.415m
