Timestamp: 2024-05-30_17-14-42
Latitude: -14.3013541
Longitude: -42.6905143
Altitude: 13.612m
