Timestamp: 2024-05-30_16-28-00
Latitude: -14.3013545
Longitude: -42.6905056
Altitude: 9.999m
