Timestamp: 2024-05-30_12-17-12
Latitude: -14.3013453
Longitude: -42.6905137
Altitude: 4.736m
