Timestamp: 2024-05-30_17-11-05
Latitude: -14.3013467
Longitude: -42.690518
Altitude: 3.155m
