Timestamp: 2024-05-30_17-35-01
Latitude: -14.3013421
Longitude: -42.6905108
Altitude: 10.279m
