Timestamp: 2024-05-30_17-34-54
Latitude: -14.3013417
Longitude: -42.6905112
Altitude: 10.258m
