Timestamp: 2024-05-30_17-33-10
Latitude: -14.3013441
Longitude: -42.6905147
Altitude: 2.983m
