Timestamp: 2024-05-30_15-48-14
Latitude: -14.3013656
Longitude: -42.6904956
Altitude: 1.539m
