Timestamp: 2024-05-30_16-15-52
Latitude: -14.3013641
Longitude: -42.6905062
Altitude: 9.139m
