Timestamp: 2024-05-30_12-10-46
Latitude: -14.3013472
Longitude: -42.6905076
Altitude: 1.334m
