Timestamp: 2024-05-30_16-19-00
Latitude: -14.3013634
Longitude: -42.690504
Altitude: 9.104m
