Timestamp: 2024-05-30_12-48-39
Latitude: -14.3018411
Longitude: -42.6901233
Altitude: 79.509m
