Timestamp: 2024-05-30_16-16-03
Latitude: -14.3013629
Longitude: -42.6905052
Altitude: 9.202m
