Timestamp: 2024-05-30_11-41-30
Latitude: -14.3013372
Longitude: -42.6905088
Altitude: 7.462m
