Timestamp: 2024-05-30_17-14-29
Latitude: -14.3013548
Longitude: -42.690515
Altitude: 13.618m
