Timestamp: 2024-05-30_17-34-44
Latitude: -14.3013417
Longitude: -42.6905106
Altitude: 10.281m
