Timestamp: 2024-05-30_11-56-19
Latitude: -14.3013325
Longitude: -42.6905124
Altitude: 1.681m
