Timestamp: 2024-05-30_17-35-40
Latitude: -14.3013421
Longitude: -42.6905108
Altitude: 13.336m
