Timestamp: 2024-05-30_12-13-24
Latitude: -14.3013429
Longitude: -42.6905067
Altitude: 7.276m
