Timestamp: 2024-05-30_11-59-31
Latitude: -14.3013428
Longitude: -42.6905007
Altitude: 12.305m
