Timestamp: 2024-05-30_17-32-58
Latitude: -14.3013442
Longitude: -42.6905148
Altitude: 2.977m
