Timestamp: 2024-05-30_15-48-06
Latitude: -14.3013678
Longitude: -42.690495
Altitude: 3.837m
