Timestamp: 2024-05-30_17-33-45
Latitude: -14.3013421
Longitude: -42.690511
Altitude: 7.368m
