Timestamp: 2024-05-30_12-13-20
Latitude: -14.3013438
Longitude: -42.6905067
Altitude: 7.328m
