Timestamp: 2024-05-30_17-35-45
Latitude: -14.3013418
Longitude: -42.690511
Altitude: 13.298m
