Timestamp: 2024-05-30_12-07-19
Latitude: -14.3013536
Longitude: -42.6905158
Altitude: 0.362m
