Timestamp: 2024-05-30_17-36-38
Latitude: -14.3013417
Longitude: -42.6905114
Altitude: 16.295m
