Timestamp: 2024-05-30_17-34-40
Latitude: -14.3013428
Longitude: -42.6905111
Altitude: 10.3m
