Timestamp: 2024-05-30_11-56-29
Latitude: -14.3013338
Longitude: -42.6905078
Altitude: 1.228m
