Timestamp: 2024-05-30_11-36-07
Latitude: -14.3013431
Longitude: -42.6905052
Altitude: 3.468m
