Timestamp: 2024-05-30_16-16-42
Latitude: -14.301363
Longitude: -42.6905057
Altitude: 9.036m
