Timestamp: 2024-05-30_11-56-24
Latitude: -14.3013314
Longitude: -42.6905119
Altitude: 1.478m
