Timestamp: 2024-05-30_17-13-21
Latitude: -14.3013544
Longitude: -42.690515
Altitude: 10.564m
