Timestamp: 2024-05-30_11-41-34
Latitude: -14.3013382
Longitude: -42.6905088
Altitude: 7.679m
