Timestamp: 2024-05-30_12-16-58
Latitude: -14.3013467
Longitude: -42.6905145
Altitude: 4.224m
