Timestamp: 2024-05-30_17-10-44
Latitude: -14.3013467
Longitude: -42.6905173
Altitude: 3.141m
