Timestamp: 2024-05-30_17-33-49
Latitude: -14.3013419
Longitude: -42.6905108
Altitude: 7.349m
