Timestamp: 2024-05-30_11-59-40
Latitude: -14.3013424
Longitude: -42.6905016
Altitude: 12.081m
