Timestamp: 2024-05-30_12-03-05
Latitude: -14.3013478
Longitude: -42.6905123
Altitude: 14.983m
