Timestamp: 2024-05-30_16-18-56
Latitude: -14.3013634
Longitude: -42.690504
Altitude: 9.016m
