Timestamp: 2024-05-30_12-03-00
Latitude: -14.3013469
Longitude: -42.6905126
Altitude: 15.016m
