Timestamp: 2024-05-30_12-02-56
Latitude: -14.3013471
Longitude: -42.6905118
Altitude: 14.997m
