Timestamp: 2024-05-30_14-42-12
Latitude: -14.3013557
Longitude: -42.6905101
Altitude: 8.588m
