Timestamp: 2024-05-30_17-35-36
Latitude: -14.3013421
Longitude: -42.690511
Altitude: 13.324m
