Timestamp: 2024-05-30_12-07-15
Latitude: -14.3013536
Longitude: -42.6905154
Altitude: 0.481m
