Timestamp: 2024-05-30_12-49-18
Latitude: -14.3017581
Longitude: -42.6904311
Altitude: 30.151m
