Timestamp: 2024-05-30_16-17-13
Latitude: -14.3013632
Longitude: -42.690506
Altitude: 9.011m
