Timestamp: 2024-05-30_15-48-02
Latitude: -14.3013658
Longitude: -42.6904934
Altitude: 4.827m
