Timestamp: 2024-05-30_11-36-02
Latitude: -14.3013436
Longitude: -42.6905062
Altitude: 3.504m
