Timestamp: 2024-05-30_16-16-37
Latitude: -14.3013624
Longitude: -42.6905052
Altitude: 8.997m
