Timestamp: 2024-05-30_14-42-16
Latitude: -14.301355
Longitude: -42.6905114
Altitude: 8.394m
