Timestamp: 2024-05-30_16-01-16
Latitude: -14.3014275
Longitude: -42.6886534
Altitude: 1.612m
