Timestamp: 2024-05-30_11-59-15
Latitude: -14.3013419
Longitude: -42.6905025
Altitude: 12.015m
