Timestamp: 2024-05-30_12-12-50
Latitude: -14.3013418
Longitude: -42.6905075
Altitude: 5.659m
