Timestamp: 2024-05-30_12-45-37
Latitude: -14.3013506
Longitude: -42.6905166
Altitude: 2.914m
