Timestamp: 2024-05-30_12-06-52
Latitude: -14.3013554
Longitude: -42.6905154
Altitude: 10.278m
