Timestamp: 2024-05-30_12-02-36
Latitude: -14.3013472
Longitude: -42.6905137
Altitude: 15.053m
