Timestamp: 2024-05-30_17-36-14
Latitude: -14.3013421
Longitude: -42.6905112
Altitude: 15.968m
