Timestamp: 2024-05-30_16-01-00
Latitude: -14.3014231
Longitude: -42.6886562
Altitude: 6.675m
