Timestamp: 2024-05-30_17-35-19
Latitude: -14.3013423
Longitude: -42.6905101
Altitude: 12.968m
