Timestamp: 2024-05-30_12-02-32
Latitude: -14.3013477
Longitude: -42.6905132
Altitude: 14.864m
