Timestamp: 2024-05-30_11-59-09
Latitude: -14.3013434
Longitude: -42.6905022
Altitude: 12.028m
