Timestamp: 2024-05-30_14-47-39
Latitude: -14.3013557
Longitude: -42.6905194
Altitude: 8.883m
