Timestamp: 2024-05-30_12-16-36
Latitude: -14.3013457
Longitude: -42.6905134
Altitude: 2.945m
