Timestamp: 2024-05-30_11-41-03
Latitude: -14.3013368
Longitude: -42.6905076
Altitude: 6.142m
