Timestamp: 2024-05-30_17-13-59
Latitude: -14.3013542
Longitude: -42.6905139
Altitude: 13.241m
