Timestamp: 2024-05-30_17-13-05
Latitude: -14.3013542
Longitude: -42.6905149
Altitude: 10.624m
