Timestamp: 2024-05-30_14-47-42
Latitude: -14.3013555
Longitude: -42.6905203
Altitude: 8.71m
