Timestamp: 2024-05-30_16-27-23
Latitude: -14.30136
Longitude: -42.690513
Altitude: 9.221m
