Timestamp: 2024-05-30_17-34-21
Latitude: -14.3013421
Longitude: -42.6905111
Altitude: 9.754m
