Timestamp: 2024-05-30_17-32-32
Latitude: -14.3013443
Longitude: -42.6905147
Altitude: 2.943m
