Timestamp: 2024-05-30_17-33-26
Latitude: -14.3013416
Longitude: -42.6905113
Altitude: 6.993m
