Timestamp: 2024-05-30_17-36-08
Latitude: -14.3013421
Longitude: -42.6905116
Altitude: 14.917m
