Timestamp: 2024-05-30_11-59-12
Latitude: -14.3013422
Longitude: -42.6905028
Altitude: 12.025m
