Timestamp: 2024-05-30_12-10-27
Latitude: -14.3013468
Longitude: -42.6905086
Altitude: 10.814m
