Timestamp: 2024-05-30_17-32-25
Latitude: -14.3013451
Longitude: -42.6905138
Altitude: 3.064m
