Timestamp: 2024-05-30_11-41-09
Latitude: -14.3013376
Longitude: -42.6905089
Altitude: 6.981m
