Timestamp: 2024-05-30_12-16-43
Latitude: -14.3013465
Longitude: -42.6905146
Altitude: 3.813m
