Timestamp: 2024-05-30_17-35-13
Latitude: -14.3013417
Longitude: -42.6905104
Altitude: 12.163m
