Timestamp: 2024-05-30_12-06-58
Latitude: -14.3013559
Longitude: -42.6905154
Altitude: 7.559m
