Timestamp: 2024-05-30_12-12-57
Latitude: -14.3013428
Longitude: -42.6905077
Altitude: 6.9m
