Timestamp: 2024-05-30_11-55-56
Latitude: -14.3013339
Longitude: -42.6905149
Altitude: 10.038m
