Timestamp: 2024-05-30_16-27-26
Latitude: -14.3013599
Longitude: -42.6905127
Altitude: 9.877m
