Timestamp: 2024-05-30_11-35-38
Latitude: -14.3013441
Longitude: -42.6905062
Altitude: 2.995m
